[1, 2, 3, 4, 11]
[1, 2, 3, 4, 5, 6, 11]
[1, 2, 3, 4, 5, 11, 6]
[1, 2, 3, 4, 11, 5, 6]
[1, 2, 3, 4, 9, 10, 11]
[1, 2, 3, 4, 9, 11, 10]
[1, 2, 3, 4, 11, 9, 10]
[1, 2, 3, 9, 4, 10, 11]
[1, 2, 3, 9, 4, 11, 10]
[1, 2, 3, 9, 10, 4, 11]
[1, 2, 9, 3, 4, 10, 11]
[1, 2, 9, 3, 4, 11, 10]
[1, 2, 9, 3, 10, 4, 11]
[1, 2, 9, 10, 3, 4, 11]
[1, 9, 2, 3, 4, 10, 11]
[1, 9, 2, 3, 4, 11, 10]
[1, 9, 2, 3, 10, 4, 11]
[1, 9, 2, 10, 3, 4, 11]
[1, 9, 10, 2, 3, 4, 11]
[1, 2, 3, 4, 5, 7, 11, 8]
[1, 2, 3, 4, 5, 11, 7, 8]
[1, 2, 3, 4, 11, 5, 7, 8]
[1, 2, 3, 4, 5, 6, 7, 11, 8]
[1, 2, 3, 4, 5, 6, 11, 7, 8]
[1, 2, 3, 4, 5, 7, 6, 11, 8]
[1, 2, 3, 4, 5, 7, 11, 6, 8]
[1, 2, 3, 4, 5, 7, 11, 8, 6]
[1, 2, 3, 4, 5, 11, 6, 7, 8]
[1, 2, 3, 4, 5, 11, 7, 6, 8]
[1, 2, 3, 4, 5, 11, 7, 8, 6]
[1, 2, 3, 4, 11, 5, 6, 7, 8]
[1, 2, 3, 4, 11, 5, 7, 6, 8]
[1, 2, 3, 4, 11, 5, 7, 8, 6]
[1, 2, 3, 4, 5, 6, 9, 10, 11]
[1, 2, 3, 4, 5, 6, 9, 11, 10]
[1, 2, 3, 4, 5, 6, 11, 9, 10]
[1, 2, 3, 4, 5, 9, 6, 10, 11]
[1, 2, 3, 4, 5, 9, 6, 11, 10]
[1, 2, 3, 4, 5, 9, 10, 6, 11]
[1, 2, 3, 4, 5, 9, 10, 11, 6]
[1, 2, 3, 4, 5, 9, 11, 6, 10]
[1, 2, 3, 4, 5, 9, 11, 10, 6]
[1, 2, 3, 4, 5, 11, 6, 9, 10]
[1, 2, 3, 4, 5, 11, 9, 6, 10]
[1, 2, 3, 4, 5, 11, 9, 10, 6]
[1, 2, 3, 4, 9, 5, 6, 10, 11]
[1, 2, 3, 4, 9, 5, 6, 11, 10]
[1, 2, 3, 4, 9, 5, 10, 6, 11]
[1, 2, 3, 4, 9, 5, 10, 11, 6]
[1, 2, 3, 4, 9, 5, 11, 6, 10]
[1, 2, 3, 4, 9, 5, 11, 10, 6]
[1, 2, 3, 4, 9, 10, 5, 6, 11]
[1, 2, 3, 4, 9, 10, 5, 11, 6]
[1, 2, 3, 4, 9, 10, 11, 5, 6]
[1, 2, 3, 4, 9, 11, 5, 6, 10]
[1, 2, 3, 4, 9, 11, 5, 10, 6]
[1, 2, 3, 4, 9, 11, 10, 5, 6]
[1, 2, 3, 4, 11, 5, 6, 9, 10]
[1, 2, 3, 4, 11, 5, 9, 6, 10]
[1, 2, 3, 4, 11, 5, 9, 10, 6]
[1, 2, 3, 4, 11, 9, 5, 6, 10]
[1, 2, 3, 4, 11, 9, 5, 10, 6]
[1, 2, 3, 4, 11, 9, 10, 5, 6]
[1, 2, 3, 9, 4, 5, 6, 10, 11]
[1, 2, 3, 9, 4, 5, 6, 11, 10]
[1, 2, 3, 9, 4, 5, 10, 6, 11]
[1, 2, 3, 9, 4, 5, 10, 11, 6]
[1, 2, 3, 9, 4, 5, 11, 6, 10]
[1, 2, 3, 9, 4, 5, 11, 10, 6]
[1, 2, 3, 9, 4, 10, 5, 6, 11]
[1, 2, 3, 9, 4, 10, 5, 11, 6]
[1, 2, 3, 9, 4, 10, 11, 5, 6]
[1, 2, 3, 9, 4, 11, 5, 6, 10]
[1, 2, 3, 9, 4, 11, 5, 10, 6]
[1, 2, 3, 9, 4, 11, 10, 5, 6]
[1, 2, 3, 9, 10, 4, 5, 6, 11]
[1, 2, 3, 9, 10, 4, 5, 11, 6]
[1, 2, 3, 9, 10, 4, 11, 5, 6]
[1, 2, 9, 3, 4, 5, 6, 10, 11]
[1, 2, 9, 3, 4, 5, 6, 11, 10]
[1, 2, 9, 3, 4, 5, 10, 6, 11]
[1, 2, 9, 3, 4, 5, 10, 11, 6]
[1, 2, 9, 3, 4, 5, 11, 6, 10]
[1, 2, 9, 3, 4, 5, 11, 10, 6]
[1, 2, 9, 3, 4, 10, 5, 6, 11]
[1, 2, 9, 3, 4, 10, 5, 11, 6]
[1, 2, 9, 3, 4, 10, 11, 5, 6]
[1, 2, 9, 3, 4, 11, 5, 6, 10]
[1, 2, 9, 3, 4, 11, 5, 10, 6]
[1, 2, 9, 3, 4, 11, 10, 5, 6]
[1, 2, 9, 3, 10, 4, 5, 6, 11]
[1, 2, 9, 3, 10, 4, 5, 11, 6]
[1, 2, 9, 3, 10, 4, 11, 5, 6]
[1, 2, 9, 10, 3, 4, 5, 6, 11]
[1, 2, 9, 10, 3, 4, 5, 11, 6]
[1, 2, 9, 10, 3, 4, 11, 5, 6]
[1, 9, 2, 3, 4, 5, 6, 10, 11]
[1, 9, 2, 3, 4, 5, 6, 11, 10]
[1, 9, 2, 3, 4, 5, 10, 6, 11]
[1, 9, 2, 3, 4, 5, 10, 11, 6]
[1, 9, 2, 3, 4, 5, 11, 6, 10]
[1, 9, 2, 3, 4, 5, 11, 10, 6]
[1, 9, 2, 3, 4, 10, 5, 6, 11]
[1, 9, 2, 3, 4, 10, 5, 11, 6]
[1, 9, 2, 3, 4, 10, 11, 5, 6]
[1, 9, 2, 3, 4, 11, 5, 6, 10]
[1, 9, 2, 3, 4, 11, 5, 10, 6]
[1, 9, 2, 3, 4, 11, 10, 5, 6]
[1, 9, 2, 3, 10, 4, 5, 6, 11]
[1, 9, 2, 3, 10, 4, 5, 11, 6]
[1, 9, 2, 3, 10, 4, 11, 5, 6]
[1, 9, 2, 10, 3, 4, 5, 6, 11]
[1, 9, 2, 10, 3, 4, 5, 11, 6]
[1, 9, 2, 10, 3, 4, 11, 5, 6]
[1, 9, 10, 2, 3, 4, 5, 6, 11]
[1, 9, 10, 2, 3, 4, 5, 11, 6]
[1, 9, 10, 2, 3, 4, 11, 5, 6]
[1, 2, 3, 4, 5, 7, 11, 8, 9, 10]
[1, 2, 3, 4, 5, 11, 7, 8, 9, 10]
[1, 2, 3, 4, 11, 5, 7, 8, 9, 10]
[1, 2, 3, 4, 5, 6, 7, 11, 8, 9, 10]
[1, 2, 3, 4, 5, 6, 11, 7, 8, 9, 10]
[1, 2, 3, 4, 5, 7, 6, 11, 8, 9, 10]
[1, 2, 3, 4, 5, 7, 11, 6, 8, 9, 10]
[1, 2, 3, 4, 5, 7, 11, 8, 6, 9, 10]
[1, 2, 3, 4, 5, 7, 11, 8, 9, 6, 10]
[1, 2, 3, 4, 5, 7, 11, 8, 9, 10, 6]
[1, 2, 3, 4, 5, 11, 6, 7, 8, 9, 10]
[1, 2, 3, 4, 5, 11, 7, 6, 8, 9, 10]
[1, 2, 3, 4, 5, 11, 7, 8, 6, 9, 10]
[1, 2, 3, 4, 5, 11, 7, 8, 9, 6, 10]
[1, 2, 3, 4, 5, 11, 7, 8, 9, 10, 6]
[1, 2, 3, 4, 11, 5, 6, 7, 8, 9, 10]
[1, 2, 3, 4, 11, 5, 7, 6, 8, 9, 10]
[1, 2, 3, 4, 11, 5, 7, 8, 6, 9, 10]
[1, 2, 3, 4, 11, 5, 7, 8, 9, 6, 10]
[1, 2, 3, 4, 11, 5, 7, 8, 9, 10, 6]
