[1, 2, 3, 4, 5, 7, 8]
[1, 2, 3, 5, 4, 7, 8]
[1, 2, 3, 5, 7, 4, 8]
[1, 2, 3, 5, 7, 8, 4]
[1, 2, 5, 3, 4, 7, 8]
[1, 2, 5, 3, 7, 4, 8]
[1, 2, 5, 3, 7, 8, 4]
[1, 2, 5, 7, 3, 4, 8]
[1, 2, 5, 7, 3, 8, 4]
[1, 2, 5, 7, 8, 3, 4]
[1, 5, 2, 3, 4, 7, 8]
[1, 5, 2, 3, 7, 4, 8]
[1, 5, 2, 3, 7, 8, 4]
[1, 5, 2, 7, 3, 4, 8]
[1, 5, 2, 7, 3, 8, 4]
[1, 5, 2, 7, 8, 3, 4]
[1, 5, 7, 2, 3, 4, 8]
[1, 5, 7, 2, 3, 8, 4]
[1, 5, 7, 2, 8, 3, 4]
[1, 5, 7, 8, 2, 3, 4]
[1, 2, 3, 4, 5, 6, 7, 8]
[1, 2, 3, 4, 5, 7, 6, 8]
[1, 2, 3, 4, 5, 7, 8, 6]
[1, 2, 3, 5, 4, 6, 7, 8]
[1, 2, 3, 5, 4, 7, 6, 8]
[1, 2, 3, 5, 4, 7, 8, 6]
[1, 2, 3, 5, 6, 4, 7, 8]
[1, 2, 3, 5, 6, 7, 4, 8]
[1, 2, 3, 5, 6, 7, 8, 4]
[1, 2, 3, 5, 7, 4, 6, 8]
[1, 2, 3, 5, 7, 4, 8, 6]
[1, 2, 3, 5, 7, 6, 4, 8]
[1, 2, 3, 5, 7, 6, 8, 4]
[1, 2, 3, 5, 7, 8, 4, 6]
[1, 2, 3, 5, 7, 8, 6, 4]
[1, 2, 5, 3, 4, 6, 7, 8]
[1, 2, 5, 3, 4, 7, 6, 8]
[1, 2, 5, 3, 4, 7, 8, 6]
[1, 2, 5, 3, 6, 4, 7, 8]
[1, 2, 5, 3, 6, 7, 4, 8]
[1, 2, 5, 3, 6, 7, 8, 4]
[1, 2, 5, 3, 7, 4, 6, 8]
[1, 2, 5, 3, 7, 4, 8, 6]
[1, 2, 5, 3, 7, 6, 4, 8]
[1, 2, 5, 3, 7, 6, 8, 4]
[1, 2, 5, 3, 7, 8, 4, 6]
[1, 2, 5, 3, 7, 8, 6, 4]
[1, 2, 5, 6, 3, 4, 7, 8]
[1, 2, 5, 6, 3, 7, 4, 8]
[1, 2, 5, 6, 3, 7, 8, 4]
[1, 2, 5, 6, 7, 3, 4, 8]
[1, 2, 5, 6, 7, 3, 8, 4]
[1, 2, 5, 6, 7, 8, 3, 4]
[1, 2, 5, 7, 3, 4, 6, 8]
[1, 2, 5, 7, 3, 4, 8, 6]
[1, 2, 5, 7, 3, 6, 4, 8]
[1, 2, 5, 7, 3, 6, 8, 4]
[1, 2, 5, 7, 3, 8, 4, 6]
[1, 2, 5, 7, 3, 8, 6, 4]
[1, 2, 5, 7, 6, 3, 4, 8]
[1, 2, 5, 7, 6, 3, 8, 4]
[1, 2, 5, 7, 6, 8, 3, 4]
[1, 2, 5, 7, 8, 3, 4, 6]
[1, 2, 5, 7, 8, 3, 6, 4]
[1, 2, 5, 7, 8, 6, 3, 4]
[1, 5, 2, 3, 4, 6, 7, 8]
[1, 5, 2, 3, 4, 7, 6, 8]
[1, 5, 2, 3, 4, 7, 8, 6]
[1, 5, 2, 3, 6, 4, 7, 8]
[1, 5, 2, 3, 6, 7, 4, 8]
[1, 5, 2, 3, 6, 7, 8, 4]
[1, 5, 2, 3, 7, 4, 6, 8]
[1, 5, 2, 3, 7, 4, 8, 6]
[1, 5, 2, 3, 7, 6, 4, 8]
[1, 5, 2, 3, 7, 6, 8, 4]
[1, 5, 2, 3, 7, 8, 4, 6]
[1, 5, 2, 3, 7, 8, 6, 4]
[1, 5, 2, 6, 3, 4, 7, 8]
[1, 5, 2, 6, 3, 7, 4, 8]
[1, 5, 2, 6, 3, 7, 8, 4]
[1, 5, 2, 6, 7, 3, 4, 8]
[1, 5, 2, 6, 7, 3, 8, 4]
[1, 5, 2, 6, 7, 8, 3, 4]
[1, 5, 2, 7, 3, 4, 6, 8]
[1, 5, 2, 7, 3, 4, 8, 6]
[1, 5, 2, 7, 3, 6, 4, 8]
[1, 5, 2, 7, 3, 6, 8, 4]
[1, 5, 2, 7, 3, 8, 4, 6]
[1, 5, 2, 7, 3, 8, 6, 4]
[1, 5, 2, 7, 6, 3, 4, 8]
[1, 5, 2, 7, 6, 3, 8, 4]
[1, 5, 2, 7, 6, 8, 3, 4]
[1, 5, 2, 7, 8, 3, 4, 6]
[1, 5, 2, 7, 8, 3, 6, 4]
[1, 5, 2, 7, 8, 6, 3, 4]
[1, 5, 6, 2, 3, 4, 7, 8]
[1, 5, 6, 2, 3, 7, 4, 8]
[1, 5, 6, 2, 3, 7, 8, 4]
[1, 5, 6, 2, 7, 3, 4, 8]
[1, 5, 6, 2, 7, 3, 8, 4]
[1, 5, 6, 2, 7, 8, 3, 4]
[1, 5, 6, 7, 2, 3, 4, 8]
[1, 5, 6, 7, 2, 3, 8, 4]
[1, 5, 6, 7, 2, 8, 3, 4]
[1, 5, 6, 7, 8, 2, 3, 4]
[1, 5, 7, 2, 3, 4, 6, 8]
[1, 5, 7, 2, 3, 4, 8, 6]
[1, 5, 7, 2, 3, 6, 4, 8]
[1, 5, 7, 2, 3, 6, 8, 4]
[1, 5, 7, 2, 3, 8, 4, 6]
[1, 5, 7, 2, 3, 8, 6, 4]
[1, 5, 7, 2, 6, 3, 4, 8]
[1, 5, 7, 2, 6, 3, 8, 4]
[1, 5, 7, 2, 6, 8, 3, 4]
[1, 5, 7, 2, 8, 3, 4, 6]
[1, 5, 7, 2, 8, 3, 6, 4]
[1, 5, 7, 2, 8, 6, 3, 4]
[1, 5, 7, 6, 2, 3, 4, 8]
[1, 5, 7, 6, 2, 3, 8, 4]
[1, 5, 7, 6, 2, 8, 3, 4]
[1, 5, 7, 6, 8, 2, 3, 4]
[1, 5, 7, 8, 2, 3, 4, 6]
[1, 5, 7, 8, 2, 3, 6, 4]
[1, 5, 7, 8, 2, 6, 3, 4]
[1, 5, 7, 8, 6, 2, 3, 4]
[1, 2, 3, 4, 5, 7, 8, 9, 10]
[1, 2, 3, 5, 4, 7, 8, 9, 10]
[1, 2, 3, 5, 7, 4, 8, 9, 10]
[1, 2, 3, 5, 7, 8, 4, 9, 10]
[1, 2, 3, 5, 7, 8, 9, 4, 10]
[1, 2, 3, 5, 7, 8, 9, 10, 4]
[1, 2, 5, 3, 4, 7, 8, 9, 10]
[1, 2, 5, 3, 7, 4, 8, 9, 10]
[1, 2, 5, 3, 7, 8, 4, 9, 10]
[1, 2, 5, 3, 7, 8, 9, 4, 10]
[1, 2, 5, 3, 7, 8, 9, 10, 4]
[1, 2, 5, 7, 3, 4, 8, 9, 10]
[1, 2, 5, 7, 3, 8, 4, 9, 10]
[1, 2, 5, 7, 3, 8, 9, 4, 10]
[1, 2, 5, 7, 3, 8, 9, 10, 4]
[1, 2, 5, 7, 8, 3, 4, 9, 10]
[1, 2, 5, 7, 8, 3, 9, 4, 10]
[1, 2, 5, 7, 8, 3, 9, 10, 4]
[1, 2, 5, 7, 8, 9, 3, 4, 10]
[1, 2, 5, 7, 8, 9, 3, 10, 4]
[1, 2, 5, 7, 8, 9, 10, 3, 4]
[1, 5, 2, 3, 4, 7, 8, 9, 10]
[1, 5, 2, 3, 7, 4, 8, 9, 10]
[1, 5, 2, 3, 7, 8, 4, 9, 10]
[1, 5, 2, 3, 7, 8, 9, 4, 10]
[1, 5, 2, 3, 7, 8, 9, 10, 4]
[1, 5, 2, 7, 3, 4, 8, 9, 10]
[1, 5, 2, 7, 3, 8, 4, 9, 10]
[1, 5, 2, 7, 3, 8, 9, 4, 10]
[1, 5, 2, 7, 3, 8, 9, 10, 4]
[1, 5, 2, 7, 8, 3, 4, 9, 10]
[1, 5, 2, 7, 8, 3, 9, 4, 10]
[1, 5, 2, 7, 8, 3, 9, 10, 4]
[1, 5, 2, 7, 8, 9, 3, 4, 10]
[1, 5, 2, 7, 8, 9, 3, 10, 4]
[1, 5, 2, 7, 8, 9, 10, 3, 4]
[1, 5, 7, 2, 3, 4, 8, 9, 10]
[1, 5, 7, 2, 3, 8, 4, 9, 10]
[1, 5, 7, 2, 3, 8, 9, 4, 10]
[1, 5, 7, 2, 3, 8, 9, 10, 4]
[1, 5, 7, 2, 8, 3, 4, 9, 10]
[1, 5, 7, 2, 8, 3, 9, 4, 10]
[1, 5, 7, 2, 8, 3, 9, 10, 4]
[1, 5, 7, 2, 8, 9, 3, 4, 10]
[1, 5, 7, 2, 8, 9, 3, 10, 4]
[1, 5, 7, 2, 8, 9, 10, 3, 4]
[1, 5, 7, 8, 2, 3, 4, 9, 10]
[1, 5, 7, 8, 2, 3, 9, 4, 10]
[1, 5, 7, 8, 2, 3, 9, 10, 4]
[1, 5, 7, 8, 2, 9, 3, 4, 10]
[1, 5, 7, 8, 2, 9, 3, 10, 4]
[1, 5, 7, 8, 2, 9, 10, 3, 4]
[1, 5, 7, 8, 9, 2, 3, 4, 10]
[1, 5, 7, 8, 9, 2, 3, 10, 4]
[1, 5, 7, 8, 9, 2, 10, 3, 4]
[1, 5, 7, 8, 9, 10, 2, 3, 4]
[1, 2, 3, 4, 5, 6, 7, 8, 9, 10]
[1, 2, 3, 4, 5, 7, 6, 8, 9, 10]
[1, 2, 3, 4, 5, 7, 8, 6, 9, 10]
[1, 2, 3, 4, 5, 7, 8, 9, 6, 10]
[1, 2, 3, 4, 5, 7, 8, 9, 10, 6]
[1, 2, 3, 5, 4, 6, 7, 8, 9, 10]
[1, 2, 3, 5, 4, 7, 6, 8, 9, 10]
[1, 2, 3, 5, 4, 7, 8, 6, 9, 10]
[1, 2, 3, 5, 4, 7, 8, 9, 6, 10]
[1, 2, 3, 5, 4, 7, 8, 9, 10, 6]
[1, 2, 3, 5, 6, 4, 7, 8, 9, 10]
[1, 2, 3, 5, 6, 7, 4, 8, 9, 10]
[1, 2, 3, 5, 6, 7, 8, 4, 9, 10]
[1, 2, 3, 5, 6, 7, 8, 9, 4, 10]
[1, 2, 3, 5, 6, 7, 8, 9, 10, 4]
[1, 2, 3, 5, 7, 4, 6, 8, 9, 10]
[1, 2, 3, 5, 7, 4, 8, 6, 9, 10]
[1, 2, 3, 5, 7, 4, 8, 9, 6, 10]
[1, 2, 3, 5, 7, 4, 8, 9, 10, 6]
[1, 2, 3, 5, 7, 6, 4, 8, 9, 10]
[1, 2, 3, 5, 7, 6, 8, 4, 9, 10]
[1, 2, 3, 5, 7, 6, 8, 9, 4, 10]
[1, 2, 3, 5, 7, 6, 8, 9, 10, 4]
[1, 2, 3, 5, 7, 8, 4, 6, 9, 10]
[1, 2, 3, 5, 7, 8, 4, 9, 6, 10]
[1, 2, 3, 5, 7, 8, 4, 9, 10, 6]
[1, 2, 3, 5, 7, 8, 6, 4, 9, 10]
[1, 2, 3, 5, 7, 8, 6, 9, 4, 10]
[1, 2, 3, 5, 7, 8, 6, 9, 10, 4]
[1, 2, 3, 5, 7, 8, 9, 4, 6, 10]
[1, 2, 3, 5, 7, 8, 9, 4, 10, 6]
[1, 2, 3, 5, 7, 8, 9, 6, 4, 10]
[1, 2, 3, 5, 7, 8, 9, 6, 10, 4]
[1, 2, 3, 5, 7, 8, 9, 10, 4, 6]
[1, 2, 3, 5, 7, 8, 9, 10, 6, 4]
[1, 2, 5, 3, 4, 6, 7, 8, 9, 10]
[1, 2, 5, 3, 4, 7, 6, 8, 9, 10]
[1, 2, 5, 3, 4, 7, 8, 6, 9, 10]
[1, 2, 5, 3, 4, 7, 8, 9, 6, 10]
[1, 2, 5, 3, 4, 7, 8, 9, 10, 6]
[1, 2, 5, 3, 6, 4, 7, 8, 9, 10]
[1, 2, 5, 3, 6, 7, 4, 8, 9, 10]
[1, 2, 5, 3, 6, 7, 8, 4, 9, 10]
[1, 2, 5, 3, 6, 7, 8, 9, 4, 10]
[1, 2, 5, 3, 6, 7, 8, 9, 10, 4]
[1, 2, 5, 3, 7, 4, 6, 8, 9, 10]
[1, 2, 5, 3, 7, 4, 8, 6, 9, 10]
[1, 2, 5, 3, 7, 4, 8, 9, 6, 10]
[1, 2, 5, 3, 7, 4, 8, 9, 10, 6]
[1, 2, 5, 3, 7, 6, 4, 8, 9, 10]
[1, 2, 5, 3, 7, 6, 8, 4, 9, 10]
[1, 2, 5, 3, 7, 6, 8, 9, 4, 10]
[1, 2, 5, 3, 7, 6, 8, 9, 10, 4]
[1, 2, 5, 3, 7, 8, 4, 6, 9, 10]
[1, 2, 5, 3, 7, 8, 4, 9, 6, 10]
[1, 2, 5, 3, 7, 8, 4, 9, 10, 6]
[1, 2, 5, 3, 7, 8, 6, 4, 9, 10]
[1, 2, 5, 3, 7, 8, 6, 9, 4, 10]
[1, 2, 5, 3, 7, 8, 6, 9, 10, 4]
[1, 2, 5, 3, 7, 8, 9, 4, 6, 10]
[1, 2, 5, 3, 7, 8, 9, 4, 10, 6]
[1, 2, 5, 3, 7, 8, 9, 6, 4, 10]
[1, 2, 5, 3, 7, 8, 9, 6, 10, 4]
[1, 2, 5, 3, 7, 8, 9, 10, 4, 6]
[1, 2, 5, 3, 7, 8, 9, 10, 6, 4]
[1, 2, 5, 6, 3, 4, 7, 8, 9, 10]
[1, 2, 5, 6, 3, 7, 4, 8, 9, 10]
[1, 2, 5, 6, 3, 7, 8, 4, 9, 10]
[1, 2, 5, 6, 3, 7, 8, 9, 4, 10]
[1, 2, 5, 6, 3, 7, 8, 9, 10, 4]
[1, 2, 5, 6, 7, 3, 4, 8, 9, 10]
[1, 2, 5, 6, 7, 3, 8, 4, 9, 10]
[1, 2, 5, 6, 7, 3, 8, 9, 4, 10]
[1, 2, 5, 6, 7, 3, 8, 9, 10, 4]
[1, 2, 5, 6, 7, 8, 3, 4, 9, 10]
[1, 2, 5, 6, 7, 8, 3, 9, 4, 10]
[1, 2, 5, 6, 7, 8, 3, 9, 10, 4]
[1, 2, 5, 6, 7, 8, 9, 3, 4, 10]
[1, 2, 5, 6, 7, 8, 9, 3, 10, 4]
[1, 2, 5, 6, 7, 8, 9, 10, 3, 4]
[1, 2, 5, 7, 3, 4, 6, 8, 9, 10]
[1, 2, 5, 7, 3, 4, 8, 6, 9, 10]
[1, 2, 5, 7, 3, 4, 8, 9, 6, 10]
[1, 2, 5, 7, 3, 4, 8, 9, 10, 6]
[1, 2, 5, 7, 3, 6, 4, 8, 9, 10]
[1, 2, 5, 7, 3, 6, 8, 4, 9, 10]
[1, 2, 5, 7, 3, 6, 8, 9, 4, 10]
[1, 2, 5, 7, 3, 6, 8, 9, 10, 4]
[1, 2, 5, 7, 3, 8, 4, 6, 9, 10]
[1, 2, 5, 7, 3, 8, 4, 9, 6, 10]
[1, 2, 5, 7, 3, 8, 4, 9, 10, 6]
[1, 2, 5, 7, 3, 8, 6, 4, 9, 10]
[1, 2, 5, 7, 3, 8, 6, 9, 4, 10]
[1, 2, 5, 7, 3, 8, 6, 9, 10, 4]
[1, 2, 5, 7, 3, 8, 9, 4, 6, 10]
[1, 2, 5, 7, 3, 8, 9, 4, 10, 6]
[1, 2, 5, 7, 3, 8, 9, 6, 4, 10]
[1, 2, 5, 7, 3, 8, 9, 6, 10, 4]
[1, 2, 5, 7, 3, 8, 9, 10, 4, 6]
[1, 2, 5, 7, 3, 8, 9, 10, 6, 4]
[1, 2, 5, 7, 6, 3, 4, 8, 9, 10]
[1, 2, 5, 7, 6, 3, 8, 4, 9, 10]
[1, 2, 5, 7, 6, 3, 8, 9, 4, 10]
[1, 2, 5, 7, 6, 3, 8, 9, 10, 4]
[1, 2, 5, 7, 6, 8, 3, 4, 9, 10]
[1, 2, 5, 7, 6, 8, 3, 9, 4, 10]
[1, 2, 5, 7, 6, 8, 3, 9, 10, 4]
[1, 2, 5, 7, 6, 8, 9, 3, 4, 10]
[1, 2, 5, 7, 6, 8, 9, 3, 10, 4]
[1, 2, 5, 7, 6, 8, 9, 10, 3, 4]
[1, 2, 5, 7, 8, 3, 4, 6, 9, 10]
[1, 2, 5, 7, 8, 3, 4, 9, 6, 10]
[1, 2, 5, 7, 8, 3, 4, 9, 10, 6]
[1, 2, 5, 7, 8, 3, 6, 4, 9, 10]
[1, 2, 5, 7, 8, 3, 6, 9, 4, 10]
[1, 2, 5, 7, 8, 3, 6, 9, 10, 4]
[1, 2, 5, 7, 8, 3, 9, 4, 6, 10]
[1, 2, 5, 7, 8, 3, 9, 4, 10, 6]
[1, 2, 5, 7, 8, 3, 9, 6, 4, 10]
[1, 2, 5, 7, 8, 3, 9, 6, 10, 4]
[1, 2, 5, 7, 8, 3, 9, 10, 4, 6]
[1, 2, 5, 7, 8, 3, 9, 10, 6, 4]
[1, 2, 5, 7, 8, 6, 3, 4, 9, 10]
[1, 2, 5, 7, 8, 6, 3, 9, 4, 10]
[1, 2, 5, 7, 8, 6, 3, 9, 10, 4]
[1, 2, 5, 7, 8, 6, 9, 3, 4, 10]
[1, 2, 5, 7, 8, 6, 9, 3, 10, 4]
[1, 2, 5, 7, 8, 6, 9, 10, 3, 4]
[1, 2, 5, 7, 8, 9, 3, 4, 6, 10]
[1, 2, 5, 7, 8, 9, 3, 4, 10, 6]
[1, 2, 5, 7, 8, 9, 3, 6, 4, 10]
[1, 2, 5, 7, 8, 9, 3, 6, 10, 4]
[1, 2, 5, 7, 8, 9, 3, 10, 4, 6]
[1, 2, 5, 7, 8, 9, 3, 10, 6, 4]
[1, 2, 5, 7, 8, 9, 6, 3, 4, 10]
[1, 2, 5, 7, 8, 9, 6, 3, 10, 4]
[1, 2, 5, 7, 8, 9, 6, 10, 3, 4]
[1, 2, 5, 7, 8, 9, 10, 3, 4, 6]
[1, 2, 5, 7, 8, 9, 10, 3, 6, 4]
[1, 2, 5, 7, 8, 9, 10, 6, 3, 4]
[1, 5, 2, 3, 4, 6, 7, 8, 9, 10]
[1, 5, 2, 3, 4, 7, 6, 8, 9, 10]
[1, 5, 2, 3, 4, 7, 8, 6, 9, 10]
[1, 5, 2, 3, 4, 7, 8, 9, 6, 10]
[1, 5, 2, 3, 4, 7, 8, 9, 10, 6]
[1, 5, 2, 3, 6, 4, 7, 8, 9, 10]
[1, 5, 2, 3, 6, 7, 4, 8, 9, 10]
[1, 5, 2, 3, 6, 7, 8, 4, 9, 10]
[1, 5, 2, 3, 6, 7, 8, 9, 4, 10]
[1, 5, 2, 3, 6, 7, 8, 9, 10, 4]
[1, 5, 2, 3, 7, 4, 6, 8, 9, 10]
[1, 5, 2, 3, 7, 4, 8, 6, 9, 10]
[1, 5, 2, 3, 7, 4, 8, 9, 6, 10]
[1, 5, 2, 3, 7, 4, 8, 9, 10, 6]
[1, 5, 2, 3, 7, 6, 4, 8, 9, 10]
[1, 5, 2, 3, 7, 6, 8, 4, 9, 10]
[1, 5, 2, 3, 7, 6, 8, 9, 4, 10]
[1, 5, 2, 3, 7, 6, 8, 9, 10, 4]
[1, 5, 2, 3, 7, 8, 4, 6, 9, 10]
[1, 5, 2, 3, 7, 8, 4, 9, 6, 10]
[1, 5, 2, 3, 7, 8, 4, 9, 10, 6]
[1, 5, 2, 3, 7, 8, 6, 4, 9, 10]
[1, 5, 2, 3, 7, 8, 6, 9, 4, 10]
[1, 5, 2, 3, 7, 8, 6, 9, 10, 4]
[1, 5, 2, 3, 7, 8, 9, 4, 6, 10]
[1, 5, 2, 3, 7, 8, 9, 4, 10, 6]
[1, 5, 2, 3, 7, 8, 9, 6, 4, 10]
[1, 5, 2, 3, 7, 8, 9, 6, 10, 4]
[1, 5, 2, 3, 7, 8, 9, 10, 4, 6]
[1, 5, 2, 3, 7, 8, 9, 10, 6, 4]
[1, 5, 2, 6, 3, 4, 7, 8, 9, 10]
[1, 5, 2, 6, 3, 7, 4, 8, 9, 10]
[1, 5, 2, 6, 3, 7, 8, 4, 9, 10]
[1, 5, 2, 6, 3, 7, 8, 9, 4, 10]
[1, 5, 2, 6, 3, 7, 8, 9, 10, 4]
[1, 5, 2, 6, 7, 3, 4, 8, 9, 10]
[1, 5, 2, 6, 7, 3, 8, 4, 9, 10]
[1, 5, 2, 6, 7, 3, 8, 9, 4, 10]
[1, 5, 2, 6, 7, 3, 8, 9, 10, 4]
[1, 5, 2, 6, 7, 8, 3, 4, 9, 10]
[1, 5, 2, 6, 7, 8, 3, 9, 4, 10]
[1, 5, 2, 6, 7, 8, 3, 9, 10, 4]
[1, 5, 2, 6, 7, 8, 9, 3, 4, 10]
[1, 5, 2, 6, 7, 8, 9, 3, 10, 4]
[1, 5, 2, 6, 7, 8, 9, 10, 3, 4]
[1, 5, 2, 7, 3, 4, 6, 8, 9, 10]
[1, 5, 2, 7, 3, 4, 8, 6, 9, 10]
[1, 5, 2, 7, 3, 4, 8, 9, 6, 10]
[1, 5, 2, 7, 3, 4, 8, 9, 10, 6]
[1, 5, 2, 7, 3, 6, 4, 8, 9, 10]
[1, 5, 2, 7, 3, 6, 8, 4, 9, 10]
[1, 5, 2, 7, 3, 6, 8, 9, 4, 10]
[1, 5, 2, 7, 3, 6, 8, 9, 10, 4]
[1, 5, 2, 7, 3, 8, 4, 6, 9, 10]
[1, 5, 2, 7, 3, 8, 4, 9, 6, 10]
[1, 5, 2, 7, 3, 8, 4, 9, 10, 6]
[1, 5, 2, 7, 3, 8, 6, 4, 9, 10]
[1, 5, 2, 7, 3, 8, 6, 9, 4, 10]
[1, 5, 2, 7, 3, 8, 6, 9, 10, 4]
[1, 5, 2, 7, 3, 8, 9, 4, 6, 10]
[1, 5, 2, 7, 3, 8, 9, 4, 10, 6]
[1, 5, 2, 7, 3, 8, 9, 6, 4, 10]
[1, 5, 2, 7, 3, 8, 9, 6, 10, 4]
[1, 5, 2, 7, 3, 8, 9, 10, 4, 6]
[1, 5, 2, 7, 3, 8, 9, 10, 6, 4]
[1, 5, 2, 7, 6, 3, 4, 8, 9, 10]
[1, 5, 2, 7, 6, 3, 8, 4, 9, 10]
[1, 5, 2, 7, 6, 3, 8, 9, 4, 10]
[1, 5, 2, 7, 6, 3, 8, 9, 10, 4]
[1, 5, 2, 7, 6, 8, 3, 4, 9, 10]
[1, 5, 2, 7, 6, 8, 3, 9, 4, 10]
[1, 5, 2, 7, 6, 8, 3, 9, 10, 4]
[1, 5, 2, 7, 6, 8, 9, 3, 4, 10]
[1, 5, 2, 7, 6, 8, 9, 3, 10, 4]
[1, 5, 2, 7, 6, 8, 9, 10, 3, 4]
[1, 5, 2, 7, 8, 3, 4, 6, 9, 10]
[1, 5, 2, 7, 8, 3, 4, 9, 6, 10]
[1, 5, 2, 7, 8, 3, 4, 9, 10, 6]
[1, 5, 2, 7, 8, 3, 6, 4, 9, 10]
[1, 5, 2, 7, 8, 3, 6, 9, 4, 10]
[1, 5, 2, 7, 8, 3, 6, 9, 10, 4]
[1, 5, 2, 7, 8, 3, 9, 4, 6, 10]
[1, 5, 2, 7, 8, 3, 9, 4, 10, 6]
[1, 5, 2, 7, 8, 3, 9, 6, 4, 10]
[1, 5, 2, 7, 8, 3, 9, 6, 10, 4]
[1, 5, 2, 7, 8, 3, 9, 10, 4, 6]
[1, 5, 2, 7, 8, 3, 9, 10, 6, 4]
[1, 5, 2, 7, 8, 6, 3, 4, 9, 10]
[1, 5, 2, 7, 8, 6, 3, 9, 4, 10]
[1, 5, 2, 7, 8, 6, 3, 9, 10, 4]
[1, 5, 2, 7, 8, 6, 9, 3, 4, 10]
[1, 5, 2, 7, 8, 6, 9, 3, 10, 4]
[1, 5, 2, 7, 8, 6, 9, 10, 3, 4]
[1, 5, 2, 7, 8, 9, 3, 4, 6, 10]
[1, 5, 2, 7, 8, 9, 3, 4, 10, 6]
[1, 5, 2, 7, 8, 9, 3, 6, 4, 10]
[1, 5, 2, 7, 8, 9, 3, 6, 10, 4]
[1, 5, 2, 7, 8, 9, 3, 10, 4, 6]
[1, 5, 2, 7, 8, 9, 3, 10, 6, 4]
[1, 5, 2, 7, 8, 9, 6, 3, 4, 10]
[1, 5, 2, 7, 8, 9, 6, 3, 10, 4]
[1, 5, 2, 7, 8, 9, 6, 10, 3, 4]
[1, 5, 2, 7, 8, 9, 10, 3, 4, 6]
[1, 5, 2, 7, 8, 9, 10, 3, 6, 4]
[1, 5, 2, 7, 8, 9, 10, 6, 3, 4]
[1, 5, 6, 2, 3, 4, 7, 8, 9, 10]
[1, 5, 6, 2, 3, 7, 4, 8, 9, 10]
[1, 5, 6, 2, 3, 7, 8, 4, 9, 10]
[1, 5, 6, 2, 3, 7, 8, 9, 4, 10]
[1, 5, 6, 2, 3, 7, 8, 9, 10, 4]
[1, 5, 6, 2, 7, 3, 4, 8, 9, 10]
[1, 5, 6, 2, 7, 3, 8, 4, 9, 10]
[1, 5, 6, 2, 7, 3, 8, 9, 4, 10]
[1, 5, 6, 2, 7, 3, 8, 9, 10, 4]
[1, 5, 6, 2, 7, 8, 3, 4, 9, 10]
[1, 5, 6, 2, 7, 8, 3, 9, 4, 10]
[1, 5, 6, 2, 7, 8, 3, 9, 10, 4]
[1, 5, 6, 2, 7, 8, 9, 3, 4, 10]
[1, 5, 6, 2, 7, 8, 9, 3, 10, 4]
[1, 5, 6, 2, 7, 8, 9, 10, 3, 4]
[1, 5, 6, 7, 2, 3, 4, 8, 9, 10]
[1, 5, 6, 7, 2, 3, 8, 4, 9, 10]
[1, 5, 6, 7, 2, 3, 8, 9, 4, 10]
[1, 5, 6, 7, 2, 3, 8, 9, 10, 4]
[1, 5, 6, 7, 2, 8, 3, 4, 9, 10]
[1, 5, 6, 7, 2, 8, 3, 9, 4, 10]
[1, 5, 6, 7, 2, 8, 3, 9, 10, 4]
[1, 5, 6, 7, 2, 8, 9, 3, 4, 10]
[1, 5, 6, 7, 2, 8, 9, 3, 10, 4]
[1, 5, 6, 7, 2, 8, 9, 10, 3, 4]
[1, 5, 6, 7, 8, 2, 3, 4, 9, 10]
[1, 5, 6, 7, 8, 2, 3, 9, 4, 10]
[1, 5, 6, 7, 8, 2, 3, 9, 10, 4]
[1, 5, 6, 7, 8, 2, 9, 3, 4, 10]
[1, 5, 6, 7, 8, 2, 9, 3, 10, 4]
[1, 5, 6, 7, 8, 2, 9, 10, 3, 4]
[1, 5, 6, 7, 8, 9, 2, 3, 4, 10]
[1, 5, 6, 7, 8, 9, 2, 3, 10, 4]
[1, 5, 6, 7, 8, 9, 2, 10, 3, 4]
[1, 5, 6, 7, 8, 9, 10, 2, 3, 4]
[1, 5, 7, 2, 3, 4, 6, 8, 9, 10]
[1, 5, 7, 2, 3, 4, 8, 6, 9, 10]
[1, 5, 7, 2, 3, 4, 8, 9, 6, 10]
[1, 5, 7, 2, 3, 4, 8, 9, 10, 6]
[1, 5, 7, 2, 3, 6, 4, 8, 9, 10]
[1, 5, 7, 2, 3, 6, 8, 4, 9, 10]
[1, 5, 7, 2, 3, 6, 8, 9, 4, 10]
[1, 5, 7, 2, 3, 6, 8, 9, 10, 4]
[1, 5, 7, 2, 3, 8, 4, 6, 9, 10]
[1, 5, 7, 2, 3, 8, 4, 9, 6, 10]
[1, 5, 7, 2, 3, 8, 4, 9, 10, 6]
[1, 5, 7, 2, 3, 8, 6, 4, 9, 10]
[1, 5, 7, 2, 3, 8, 6, 9, 4, 10]
[1, 5, 7, 2, 3, 8, 6, 9, 10, 4]
[1, 5, 7, 2, 3, 8, 9, 4, 6, 10]
[1, 5, 7, 2, 3, 8, 9, 4, 10, 6]
[1, 5, 7, 2, 3, 8, 9, 6, 4, 10]
[1, 5, 7, 2, 3, 8, 9, 6, 10, 4]
[1, 5, 7, 2, 3, 8, 9, 10, 4, 6]
[1, 5, 7, 2, 3, 8, 9, 10, 6, 4]
[1, 5, 7, 2, 6, 3, 4, 8, 9, 10]
[1, 5, 7, 2, 6, 3, 8, 4, 9, 10]
[1, 5, 7, 2, 6, 3, 8, 9, 4, 10]
[1, 5, 7, 2, 6, 3, 8, 9, 10, 4]
[1, 5, 7, 2, 6, 8, 3, 4, 9, 10]
[1, 5, 7, 2, 6, 8, 3, 9, 4, 10]
[1, 5, 7, 2, 6, 8, 3, 9, 10, 4]
[1, 5, 7, 2, 6, 8, 9, 3, 4, 10]
[1, 5, 7, 2, 6, 8, 9, 3, 10, 4]
[1, 5, 7, 2, 6, 8, 9, 10, 3, 4]
[1, 5, 7, 2, 8, 3, 4, 6, 9, 10]
[1, 5, 7, 2, 8, 3, 4, 9, 6, 10]
[1, 5, 7, 2, 8, 3, 4, 9, 10, 6]
[1, 5, 7, 2, 8, 3, 6, 4, 9, 10]
[1, 5, 7, 2, 8, 3, 6, 9, 4, 10]
[1, 5, 7, 2, 8, 3, 6, 9, 10, 4]
[1, 5, 7, 2, 8, 3, 9, 4, 6, 10]
[1, 5, 7, 2, 8, 3, 9, 4, 10, 6]
[1, 5, 7, 2, 8, 3, 9, 6, 4, 10]
[1, 5, 7, 2, 8, 3, 9, 6, 10, 4]
[1, 5, 7, 2, 8, 3, 9, 10, 4, 6]
[1, 5, 7, 2, 8, 3, 9, 10, 6, 4]
[1, 5, 7, 2, 8, 6, 3, 4, 9, 10]
[1, 5, 7, 2, 8, 6, 3, 9, 4, 10]
[1, 5, 7, 2, 8, 6, 3, 9, 10, 4]
[1, 5, 7, 2, 8, 6, 9, 3, 4, 10]
[1, 5, 7, 2, 8, 6, 9, 3, 10, 4]
[1, 5, 7, 2, 8, 6, 9, 10, 3, 4]
[1, 5, 7, 2, 8, 9, 3, 4, 6, 10]
[1, 5, 7, 2, 8, 9, 3, 4, 10, 6]
[1, 5, 7, 2, 8, 9, 3, 6, 4, 10]
[1, 5, 7, 2, 8, 9, 3, 6, 10, 4]
[1, 5, 7, 2, 8, 9, 3, 10, 4, 6]
[1, 5, 7, 2, 8, 9, 3, 10, 6, 4]
[1, 5, 7, 2, 8, 9, 6, 3, 4, 10]
[1, 5, 7, 2, 8, 9, 6, 3, 10, 4]
[1, 5, 7, 2, 8, 9, 6, 10, 3, 4]
[1, 5, 7, 2, 8, 9, 10, 3, 4, 6]
[1, 5, 7, 2, 8, 9, 10, 3, 6, 4]
[1, 5, 7, 2, 8, 9, 10, 6, 3, 4]
[1, 5, 7, 6, 2, 3, 4, 8, 9, 10]
[1, 5, 7, 6, 2, 3, 8, 4, 9, 10]
[1, 5, 7, 6, 2, 3, 8, 9, 4, 10]
[1, 5, 7, 6, 2, 3, 8, 9, 10, 4]
[1, 5, 7, 6, 2, 8, 3, 4, 9, 10]
[1, 5, 7, 6, 2, 8, 3, 9, 4, 10]
[1, 5, 7, 6, 2, 8, 3, 9, 10, 4]
[1, 5, 7, 6, 2, 8, 9, 3, 4, 10]
[1, 5, 7, 6, 2, 8, 9, 3, 10, 4]
[1, 5, 7, 6, 2, 8, 9, 10, 3, 4]
[1, 5, 7, 6, 8, 2, 3, 4, 9, 10]
[1, 5, 7, 6, 8, 2, 3, 9, 4, 10]
[1, 5, 7, 6, 8, 2, 3, 9, 10, 4]
[1, 5, 7, 6, 8, 2, 9, 3, 4, 10]
[1, 5, 7, 6, 8, 2, 9, 3, 10, 4]
[1, 5, 7, 6, 8, 2, 9, 10, 3, 4]
[1, 5, 7, 6, 8, 9, 2, 3, 4, 10]
[1, 5, 7, 6, 8, 9, 2, 3, 10, 4]
[1, 5, 7, 6, 8, 9, 2, 10, 3, 4]
[1, 5, 7, 6, 8, 9, 10, 2, 3, 4]
[1, 5, 7, 8, 2, 3, 4, 6, 9, 10]
[1, 5, 7, 8, 2, 3, 4, 9, 6, 10]
[1, 5, 7, 8, 2, 3, 4, 9, 10, 6]
[1, 5, 7, 8, 2, 3, 6, 4, 9, 10]
[1, 5, 7, 8, 2, 3, 6, 9, 4, 10]
[1, 5, 7, 8, 2, 3, 6, 9, 10, 4]
[1, 5, 7, 8, 2, 3, 9, 4, 6, 10]
[1, 5, 7, 8, 2, 3, 9, 4, 10, 6]
[1, 5, 7, 8, 2, 3, 9, 6, 4, 10]
[1, 5, 7, 8, 2, 3, 9, 6, 10, 4]
[1, 5, 7, 8, 2, 3, 9, 10, 4, 6]
[1, 5, 7, 8, 2, 3, 9, 10, 6, 4]
[1, 5, 7, 8, 2, 6, 3, 4, 9, 10]
[1, 5, 7, 8, 2, 6, 3, 9, 4, 10]
[1, 5, 7, 8, 2, 6, 3, 9, 10, 4]
[1, 5, 7, 8, 2, 6, 9, 3, 4, 10]
[1, 5, 7, 8, 2, 6, 9, 3, 10, 4]
[1, 5, 7, 8, 2, 6, 9, 10, 3, 4]
[1, 5, 7, 8, 2, 9, 3, 4, 6, 10]
[1, 5, 7, 8, 2, 9, 3, 4, 10, 6]
[1, 5, 7, 8, 2, 9, 3, 6, 4, 10]
[1, 5, 7, 8, 2, 9, 3, 6, 10, 4]
[1, 5, 7, 8, 2, 9, 3, 10, 4, 6]
[1, 5, 7, 8, 2, 9, 3, 10, 6, 4]
[1, 5, 7, 8, 2, 9, 6, 3, 4, 10]
[1, 5, 7, 8, 2, 9, 6, 3, 10, 4]
[1, 5, 7, 8, 2, 9, 6, 10, 3, 4]
[1, 5, 7, 8, 2, 9, 10, 3, 4, 6]
[1, 5, 7, 8, 2, 9, 10, 3, 6, 4]
[1, 5, 7, 8, 2, 9, 10, 6, 3, 4]
[1, 5, 7, 8, 6, 2, 3, 4, 9, 10]
[1, 5, 7, 8, 6, 2, 3, 9, 4, 10]
[1, 5, 7, 8, 6, 2, 3, 9, 10, 4]
[1, 5, 7, 8, 6, 2, 9, 3, 4, 10]
[1, 5, 7, 8, 6, 2, 9, 3, 10, 4]
[1, 5, 7, 8, 6, 2, 9, 10, 3, 4]
[1, 5, 7, 8, 6, 9, 2, 3, 4, 10]
[1, 5, 7, 8, 6, 9, 2, 3, 10, 4]
[1, 5, 7, 8, 6, 9, 2, 10, 3, 4]
[1, 5, 7, 8, 6, 9, 10, 2, 3, 4]
[1, 5, 7, 8, 9, 2, 3, 4, 6, 10]
[1, 5, 7, 8, 9, 2, 3, 4, 10, 6]
[1, 5, 7, 8, 9, 2, 3, 6, 4, 10]
[1, 5, 7, 8, 9, 2, 3, 6, 10, 4]
[1, 5, 7, 8, 9, 2, 3, 10, 4, 6]
[1, 5, 7, 8, 9, 2, 3, 10, 6, 4]
[1, 5, 7, 8, 9, 2, 6, 3, 4, 10]
[1, 5, 7, 8, 9, 2, 6, 3, 10, 4]
[1, 5, 7, 8, 9, 2, 6, 10, 3, 4]
[1, 5, 7, 8, 9, 2, 10, 3, 4, 6]
[1, 5, 7, 8, 9, 2, 10, 3, 6, 4]
[1, 5, 7, 8, 9, 2, 10, 6, 3, 4]
[1, 5, 7, 8, 9, 6, 2, 3, 4, 10]
[1, 5, 7, 8, 9, 6, 2, 3, 10, 4]
[1, 5, 7, 8, 9, 6, 2, 10, 3, 4]
[1, 5, 7, 8, 9, 6, 10, 2, 3, 4]
[1, 5, 7, 8, 9, 10, 2, 3, 4, 6]
[1, 5, 7, 8, 9, 10, 2, 3, 6, 4]
[1, 5, 7, 8, 9, 10, 2, 6, 3, 4]
[1, 5, 7, 8, 9, 10, 6, 2, 3, 4]
